1791 -32 32 14.2068
0.350071 6.99378e-05
0.314889 -0.0144117
0.314534 -0.0144624
0.167796 -0.0156278
0.167218 -0.0155913
0.00830647 0.0102264
0.00783966 0.0103793
-0.0841237 0.0420786
-0.0842531 0.0421674
-0.0745996 0.0483423
-0.0744157 0.0482942
0.00198115 0.0105297
0.00224767 0.0103463
0.0612858 -0.0465573
0.0613855 -0.0467381
0.0584586 -0.0803219
0.0583453 -0.0803551
0.0117975 -0.0642701
0.0116302 -0.0641343
-0.0236636 -0.0137512
-0.0237052 -0.0135547
-0.0160583 0.0296432
-0.0159497 0.0297375
0.0173706 0.034843
0.0174851 0.0347769
0.0326005 0.00719764
0.0325804 0.00707411
0.00692466 -0.0197979
0.0067446 -0.019845
-0.0377179 -0.0187108
-0.0378545 -0.0186491
-0.0586353 0.00471798
-0.0586295 0.00486063
-0.0378012 0.0222813
-0.0376403 0.0223005
0.00721472 0.0112055
0.00734608 0.0111239
0.0346548 -0.0219788
0.0346856 -0.0220905
0.023764 -0.0425979
0.0236803 -0.0426084
-0.00439872 -0.0218653
-0.00447117 -0.0217342
-0.0101187 0.0332356
-0.0100772 0.0334157
0.0196285 0.0811525
0.019811 0.0812667
0.0577435 0.086549
0.0579731 0.0862821
0.0578343 0.0443695
0.0577333 0.0440921
0.00446615 -0.0147016
0.00413327 -0.0149838
-0.0628471 -0.0465325
-0.0630068 -0.0465784
-0.0764992 -0.0355473
-0.0764145 -0.0354471
-0.00114647 -0.00409576
-0.000800347 -0.00400405
0.12738 0.0119881
0.127875 0.0119505
0.223258 -0.00142976
0.223421 -0.00150551
0.218515 -0.0243566
0.218196 -0.0244428
0.11866 -0.0254157
0.11824 -0.0253653
-0.00410568 0.00422254
-0.00460776 0.00434545
-0.0688926 0.0391568
-0.0689626 0.03922
-0.0496479 0.0425738
-0.0488598 0.042283
0.00906603 0.00509041
0.00926423 0.00490897
0.0508747 -0.051166
0.0509819 -0.0513931
0.0423567 -0.0840466
0.0422672 -0.0840712
0.00329289 -0.0675796
0.00317109 -0.0674576
-0.0200624 -0.0173863
-0.0200728 -0.017186
-0.00471706 0.0252929
-0.00460318 0.0253822
0.0282126 0.031222
0.0282997 0.0311795
0.0382771 0.00740942
0.0382407 0.00731108
0.00855441 -0.0133531
0.00841755 -0.0133804
-0.0366418 -0.00666097
-0.0367563 -0.00659604
-0.0563411 0.0193886
-0.0563259 0.0195044
-0.0337189 0.0335739
-0.0335294 0.0335666
0.00649704 0.0157699
0.00662743 0.0156532
0.0282992 -0.0230651
0.0283056 -0.0231705
0.0157294 -0.0450839
0.0156126 -0.0451037
-0.00958055 -0.0259949
-0.00965599 -0.0258499
-0.0113618 0.0279928
-0.0112908 0.0282223
0.0234928 0.0767155
0.0236509 0.0768606
0.0632809 0.0798563
0.0634965 0.0796738
0.0626675 0.0352411
0.0625754 0.0350591
0.00793277 -0.0219966
0.00769444 -0.0221582
-0.0605132 -0.0505492
-0.0606809 -0.0505754
-0.0763339 -0.0384191
-0.0762606 -0.0383272
-0.00808587 -0.0105906
-0.00759152 -0.0104853
0.109073 -0.00117154
0.109604 -0.00119294
0.195964 -0.0194413
0.19612 -0.0195304
0.191778 -0.0413557
0.191596 -0.0414122
0.110462 -0.0369533
0.110087 -0.0368798
0.00339897 0.000208919
0.00312342 0.000356409
-0.0536234 0.0417903
-0.0536886 0.0418901
-0.0407299 0.0519831
-0.0405428 0.051929
0.0092651 0.0152868
0.00944965 0.0150896
0.0401949 -0.0419956
0.0402272 -0.0421549
0.0264569 -0.0747395
0.0263549 -0.0747654
-0.00927005 -0.0589179
-0.00941434 -0.0587594
-0.0254269 -0.0116089
-0.0254155 -0.0114252
-0.00547377 0.0259521
-0.00536639 0.0260206
0.0268842 0.0267624
0.0270071 0.0266698
0.0342838 0.00169519
0.0342351 0.00158036
0.00605895 -0.0174217
0.00591121 -0.01744
-0.0361051 -0.00814398
-0.0362357 -0.00804407
-0.0531645 0.0207676
-0.0531458 0.020873
-0.030319 0.0358365
-0.0301751 0.035843
0.00897391 0.0147874
0.00907766 0.0146741
0.0276253 -0.0281485
0.0276252 -0.0282752
0.013319 -0.0522206
0.0132477 -0.0522253
-0.00868032 -0.0277185
-0.00872757 -0.027565
-0.00244507 0.0339508
-0.00235615 0.0341852
0.0383175 0.0870901
0.0384671 0.0871835
0.0765801 0.0916346
0.0766929 0.0915339
0.0727723 0.0450856
0.0726399 0.0446579
0.0119701 -0.0176257
0.0117332 -0.0177873
-0.0642126 -0.0516341
-0.0644041 -0.0516501
-0.0892679 -0.0419578
-0.0892181 -0.0418575
-0.0300423 -0.0128971
-0.029708 -0.0128516
0.0796583 -0.000855176
0.0799971 -0.000868884
0.164491 -0.0174119
0.16468 -0.0175603
0.165562 -0.0402287
0.165423 -0.0402757
0.0919378 -0.0377787
0.0916312 -0.0377201
-0.00071492 -0.00361012
-0.000961976 -0.00346669
-0.0511252 0.0381094
-0.0511698 0.03828
-0.0366836 0.0479838
-0.0365614 0.0479476
0.00790435 0.011677
0.00802634 0.0115205
0.0321601 -0.0449547
0.0321605 -0.0451448
0.0167795 -0.07752
0.016673 -0.0775514
-0.0138858 -0.0624338
-0.0139805 -0.062296
-0.0221633 -0.0165176
-0.022131 -0.0163706
0.00279689 0.0201894
0.00290769 0.0202562
0.0345734 0.0219807
0.034643 0.0219302
0.0378781 -0.000287414
0.0378255 -0.000366239
0.00503967 -0.0132652
0.00490719 -0.0132637
-0.0355843 0.00349168
-0.0356776 0.00358415
-0.0480512 0.0348224
-0.0480283 0.0349141
-0.0247141 0.0482502
-0.0246054 0.0482354
0.00895234 0.0218437
0.00903843 0.0217018
0.018959 -0.0269358
0.0189356 -0.0270825
-0.000155445 -0.0545794
-0.000240877 -0.0545932
-0.0184601 -0.030915
-0.0184762 -0.030764
-0.00218348 0.0309675
-0.00206318 0.0311826
0.0455053 0.0817038
0.0456909 0.0818069
0.0872548 0.0837246
0.0873365 0.0836245
0.0766631 0.0307941
0.0765076 0.0304873
0.00555086 -0.0387721
0.00528578 -0.0389514
-0.0775659 -0.0779286
-0.0777635 -0.077957
-0.103398 -0.0698305
-0.103366 -0.0696144
-0.0415555 -0.0380016
-0.0412663 -0.0379058
0.0709772 -0.0196237
0.071306 -0.019619
0.15604 -0.0288542
0.15618 -0.0289269
0.157793 -0.0458236
0.157643 -0.0459002
0.0846894 -0.0400219
0.0844042 -0.0399537
-0.00186583 -0.00364576
-0.00207277 -0.00350426
-0.0417418 0.0376067
-0.0417595 0.037704
-0.023537 0.0477449
-0.0233988 0.0477009
0.0146398 0.0150383
0.0147333 0.0148934
0.0273055 -0.0354613
0.0272785 -0.0355993
0.00417393 -0.0635707
0.00406966 -0.0635919
-0.0253783 -0.0496228
-0.0254392 -0.0495249
-0.0266418 -0.0105775
-0.0265648 -0.0104195
0.00370817 0.0179544
0.00383409 0.0179982
0.0346139 0.0158558
0.0346743 0.0158001
0.0329432 -0.00421296
0.032866 -0.00429719
-0.0016212 -0.0124487
-0.00178348 -0.0124258
-0.0376866 0.00465647
-0.0377819 0.00475779
-0.0448207 0.0340094
-0.044743 0.0341656
-0.0172457 0.0431449
-0.0170732 0.0431185
0.0151855 0.0155353
0.0152547 0.0154062
0.020391 -0.0299087
0.0203484 -0.0300458
-0.00155147 -0.0528212
-0.00163228 -0.0528214
-0.0168228 -0.0292996
-0.0168489 -0.0291165
0.00566424 0.0286047
0.00581604 0.0288237
0.0616659 0.0776019
0.0618461 0.077691
0.105125 0.0809581
0.105222 0.0808386
0.0887256 0.0391384
0.0885655 0.0389598
0.0111426 -0.0124142
0.0107443 -0.0125899
-0.0718413 -0.0366106
-0.0720884 -0.0365936
-0.0986644 -0.0274279
-0.0986168 -0.027295
-0.0395777 -0.00764801
-0.03914 -0.00760472
0.0653995 -0.00654169
0.0658254 -0.006552
0.141348 -0.0281604
0.141471 -0.0282642
0.138023 -0.047946
0.137843 -0.0480046
0.0710666 -0.0395191
0.0707315 -0.0394154
-0.00476898 -0.00241281
-0.00497573 -0.00226229
-0.0391253 0.0373916
-0.0391008 0.0375714
-0.0215264 0.0444266
-0.0214357 0.0443515
0.0118744 0.00989489
0.011952 0.00974642
0.0198972 -0.039385
0.0198484 -0.0395521
-0.00337487 -0.0649667
-0.00347076 -0.064982
-0.027857 -0.0512139
-0.0279032 -0.0511193
-0.0243205 -0.0145145
-0.0242525 -0.0143991
0.00865357 0.0118833
0.00884073 0.0119457
0.0395963 0.0106119
0.0396494 0.0105687
0.0372917 -0.0048507
0.0372233 -0.0048932
0.00248756 -0.00665253
0.00235535 -0.00662036
-0.0326413 0.0168861
-0.032709 0.0169845
-0.0368033 0.0472702
-0.0367568 0.0473416
-0.0106905 0.0529042
-0.0105864 0.0528584
0.0147346 0.0211835
0.014777 0.0210438
0.0115319 -0.0259258
0.0114728 -0.0260519
-0.0139426 -0.0489619
-0.0140238 -0.0489644
-0.0251229 -0.0264227
-0.0250919 -0.0263046
0.00749688 0.0252827
0.00773906 0.0255126
0.0689019 0.0645935
0.0691099 0.0646681
0.113441 0.0656428
0.113535 0.0654932
0.0960276 0.0310578
0.0958599 0.0309243
0.0158223 -0.00731814
0.0152995 -0.00745724
-0.0710632 -0.0200974
-0.0713432 -0.0200426
-0.0972813 -0.00783962
-0.0972222 -0.0077607
-0.0396423 0.00270502
-0.0392755 0.00267407
0.0568597 -0.0109702
0.0571511 -0.0110589
0.126899 -0.0436687
0.127034 -0.0438312
0.126267 -0.0676423
0.126148 -0.0676729
0.0645103 -0.0541642
0.0641132 -0.0539918
-0.00278422 -0.00673757
-0.00293185 -0.00656909
-0.0281309 0.0399843
-0.0280964 0.0400975
-0.00952899 0.0493786
-0.0092886 0.0492782
0.0162795 0.0153683
0.0163317 0.0152089
0.0145065 -0.0318141
0.0143439 -0.032063
-0.0136962 -0.054231
-0.0138506 -0.0542253
-0.0364574 -0.038131
-0.0366136 -0.037807
-0.0265886 -0.00453726
-0.026419 -0.00433507
0.0095997 0.0142335
0.0100497 0.0142974
0.0369836 0.00592164
0.0370766 0.00570244
0.0295243 -0.0115772
0.0293636 -0.0116916
-0.00348948 -0.0110677
-0.00367059 -0.0110045
-0.0337648 0.015215
-0.03384 0.0153313
-0.0319786 0.0468254
-0.0318596 0.0469438
-0.00337982 0.0512279
-0.00326839 0.0511763
0.0187488 0.0177167
0.0187782 0.0175511
0.00983967 -0.0298421
0.00966698 -0.0301467
-0.0183055 -0.0516983
-0.0184443 -0.0516765
-0.0264474 -0.0303488
-0.0264197 -0.0302232
0.0122014 0.0208283
0.0123954 0.0210086
0.083657 0.0619013
0.0840158 0.0620033
0.133868 0.0644079
0.133927 0.0643517
0.113789 0.0346466
0.113528 0.0343314
0.0274556 0.00405827
0.0267202 0.00389501
-0.066286 -0.00156389
-0.0665597 -0.00150622
-0.0982008 0.0128947
-0.0981588 0.0129578
-0.0468092 0.0192366
-0.0465016 0.0192242
0.0461387 -0.00317668
0.0465774 -0.00340369
0.108449 -0.0419168
0.108637 -0.0427344
0.106199 -0.0690532
0.105621 -0.0694317
0.0494948 -0.0556939
0.048648 -0.0554217
-0.00824248 -0.00787294
-0.00856872 -0.00737461
-0.0257985 0.0383065
-0.025623 0.0385592
-0.00534086 0.0461598
-0.00524313 0.0461099
0.0161392 0.0115922
0.0161808 0.0114053
0.010312 -0.0323118
0.0101075 -0.0326644
-0.0167737 -0.0549005
-0.0170205 -0.0548987
-0.03838 -0.0440609
-0.0384247 -0.043949
-0.0293624 -0.0127723
-0.0292351 -0.0126303
0.007919 0.00795717
0.00810847 0.00799716
0.0398891 0.00314672
0.0399843 0.00300339
0.0370154 -0.0119728
0.0368397 -0.0121346
0.00364255 -0.0098219
0.00330792 -0.00975101
-0.0268479 0.0194311
-0.026938 0.0196352
-0.0257236 0.0549728
-0.0256128 0.0551405
0.00142727 0.0635393
0.00164848 0.0634654
0.021014 0.0319377
0.021036 0.0317259
0.0071602 -0.0179332
0.00695217 -0.018201
-0.0264031 -0.0464285
-0.0270697 -0.0464994
-0.0369886 -0.0325452
-0.0371127 -0.0320409
0.00635736 0.00980184
0.00688105 0.0100113
0.0872667 0.0440461
0.0876882 0.0441319
0.146009 0.0456952
0.146292 0.0454316
0.133467 0.0241654
0.133252 0.0239083
0.0543089 0.00544384
0.0539065 0.00539861
-0.0490903 0.00903073
-0.0494621 0.00906619
-0.10003 0.0291357
-0.100044 0.0292503
-0.0645633 0.0354871
-0.064238 0.0354467
0.0235648 0.0065105
0.0239929 0.00629739
0.095437 -0.0462981
0.0956255 -0.0466142
0.102278 -0.0833429
0.102047 -0.0834817
0.0536908 -0.073144
0.053339 -0.072926
7.35153e-05 -0.0204549
-5.3097e-05 -0.0202492
-0.0165865 0.03519
-0.0165634 0.0353212
0.00252995 0.0521287
0.00270823 0.0520631
0.0218844 0.0230557
0.0219363 0.022748
0.0111387 -0.022351
0.0108204 -0.0227448
-0.0232325 -0.0441974
-0.0233654 -0.0442015
-0.0463788 -0.0298147
-0.046488 -0.029452
-0.0324991 5.24572e-05
-0.032322 0.000203677
0.00710694 0.0128662
0.00733667 0.0128362
0.0369617 -0.000350792
0.0370222 -0.000474414
0.0296522 -0.0187073
0.0294513 -0.0188437
-0.00452072 -0.0139871
-0.00467778 -0.0138989
-0.0296289 0.0196354
-0.0296617 0.0198038
-0.0217957 0.0544955
-0.02171 0.0545907
0.00935223 0.0618108
0.00944911 0.0617578
0.0278941 0.0278921
0.027903 0.0276905
0.00924456 -0.0226355
0.00898742 -0.0229032
-0.0291132 -0.0492831
-0.0292766 -0.0493026
-0.0394589 -0.0322699
-0.0394139 -0.0321157
0.010473 0.0108658
0.0108639 0.0111292
0.0994613 0.0433859
0.0997783 0.043441
0.163702 0.0441864
0.163797 0.0441539
0.146684 0.0261648
0.14641 0.0261102
0.0518816 0.0207502
0.0515103 0.0207693
-0.0571243 0.0428828
-0.0576418 0.0432024
-0.10544 0.0733678
-0.105366 0.07371
-0.0643646 0.0740466
-0.0640203 0.0739223
0.0203742 0.0280611
0.0213748 0.0272895
0.0837262 -0.0420797
0.0838205 -0.0429337
0.0827335 -0.087617
0.082624 -0.0876779
0.0351856 -0.0746777
0.034758 -0.0743513
-0.00965334 -0.0159942
-0.00977638 -0.0156869
-0.0167164 0.0407514
-0.0165486 0.0410082
0.00538185 0.0523704
0.00554448 0.0522614
0.0197018 0.0162042
0.0197039 0.0158273
0.00260912 -0.0309832
0.00238939 -0.0311919
-0.0300803 -0.0487157
-0.0302445 -0.0486858
-0.0485848 -0.0298721
-0.0485886 -0.0297578
-0.0291164 0.00181032
-0.0288011 0.00203634
0.013164 0.0129274
0.0133203 0.0129008
0.0403936 -0.00427618
0.0404324 -0.00441906
0.0298246 -0.0242246
0.0296231 -0.0243568
-0.00370597 -0.0154542
-0.0038636 -0.0153403
-0.0233765 0.0258821
-0.0233826 0.0261374
-0.00881111 0.0687665
-0.00867979 0.0689036
0.0220299 0.0747911
0.0221294 0.0747212
0.0305112 0.0345966
0.0304768 0.0342815
-0.00049424 -0.0215694
-0.000714362 -0.0218388
-0.0434354 -0.0499933
-0.0435948 -0.0499762
-0.0462954 -0.0316327
-0.0462624 -0.0313443
0.0168992 0.0122264
0.0175616 0.0128157
0.114442 0.0417117
0.114734 0.0417468
0.174166 0.0362012
0.174382 0.035856
0.148844 0.0113451
0.148627 0.0112635
0.0506313 0.00105958
0.0502034 0.00107492
-0.0529512 0.0197769
-0.0533429 0.0200748
-0.0906936 0.0475663
-0.0907271 0.0475033
-0.0469682 0.0470737
-0.0467313 0.047003
0.0272217 0.00637115
0.0274953 0.00615845
0.0786758 -0.0568049
0.0787387 -0.0571282
0.0710287 -0.0949255
0.0708238 -0.0950065
0.0260539 -0.0770985
0.0257996 -0.0768548
-0.00796691 -0.0169206
-0.00802471 -0.0166188
-0.00476138 0.0388027
-0.00458232 0.0389512
0.0190719 0.0501361
0.0193211 0.0499827
0.0261866 0.0172992
0.0261182 0.0169519
-0.000293723 -0.023508
-0.000546355 -0.023662
-0.0390529 -0.035227
-0.0393132 -0.035114
-0.0526772 -0.0132983
-0.0526557 -0.0131777
-0.0262021 0.0134225
-0.0260751 0.0134752
0.016272 0.0146445
0.0164559 0.0145525
0.0359556 -0.00984218
0.0359706 -0.0104904
0.0196237 -0.0301456
0.0195271 -0.0301761
-0.0132837 -0.0192315
-0.0134303 -0.019073
-0.0247641 0.0245645
-0.0247408 0.0247091
-0.000456685 0.067403
-0.00035323 0.0674813
0.0334402 0.0707739
0.0336418 0.0706631
0.0362437 0.02792
0.0361995 0.0276862
-0.00379538 -0.0283466
-0.00404327 -0.0285818
-0.0496732 -0.0542104
-0.0499065 -0.0541782
-0.0452003 -0.0327547
-0.0450884 -0.0325083
0.0254953 0.00996298
0.0259204 0.0102479
0.134277 0.0412029
0.134654 0.0412149
0.203332 0.0371173
0.203456 0.0369789
0.17855 0.0126345
0.178242 0.0123933
0.074587 0.000780128
0.0740008 0.000798104
-0.0358727 0.017857
-0.0361074 0.0179423
-0.0801728 0.0448971
-0.0801688 0.0449771
-0.0432884 0.0465705
-0.0429171 0.0465
0.0279803 0.00683248
0.0281803 0.00665953
0.069005 -0.0514845
0.069052 -0.0517044
0.0542257 -0.0845007
0.0539822 -0.0845385
0.010596 -0.0658337
0.0102731 -0.0655117
-0.014988 -0.0102961
-0.0149905 -0.00988293
-0.00301005 0.0365012
-0.00291528 0.0365977
0.0225888 0.0417288
0.0226214 0.0417206
0.0247382 0.00928398
0.024674 0.0090611
-0.00753818 -0.0257719
-0.00778839 -0.0259134
-0.0464817 -0.0316758
-0.04662 -0.0316163
-0.0538411 -0.00922123
-0.0537688 -0.00904398
-0.0205151 0.012646
-0.0202818 0.0127062
0.0236627 0.00807888
0.0237997 0.00799157
0.0391513 -0.0179654
0.0391223 -0.0181011
0.0185915 -0.0335589
0.018346 -0.0336396
-0.0130786 -0.0150346
-0.013265 -0.0148568
-0.0165778 0.0345481
-0.0165004 0.0348368
0.0160171 0.0779881
0.0162687 0.0781448
0.0500824 0.0786855
0.0502412 0.0785264
0.0422042 0.0337317
0.0421126 0.0334858
-0.0123755 -0.0221502
-0.0127188 -0.0223258
-0.0653567 -0.0469715
-0.0656158 -0.0469016
-0.0540935 -0.0279755
-0.0539498 -0.0278062
0.0400547 0.00965455
0.040682 0.00990207
0.164979 0.0291706
0.165422 0.0291837
0.233943 0.0170769
0.234038 0.0168047
0.195392 -0.00605158
0.194705 -0.00647899
0.0772086 -0.00934499
0.0765053 -0.00927429
-0.0395357 0.0157494
-0.0397998 0.0158787
-0.0814819 0.0436846
-0.0813909 0.0438278
-0.0399394 0.0394017
-0.0395251 0.0392444
0.0298697 -0.00654934
0.030147 -0.00684894
0.0643948 -0.0647743
0.0643552 -0.0650729
0.0444758 -0.090918
0.0443078 -0.0909268
0.00377466 -0.064369
0.003621 -0.0641589
-0.012649 -0.0105401
-0.0125551 -0.0101968
0.00553802 0.0350813
0.00566116 0.0351667
0.0317501 0.0388224
0.031876 0.0386969
0.0285854 0.00889661
0.0284498 0.00868064
-0.00988851 -0.019228
-0.0101602 -0.0193119
-0.0503917 -0.0181198
-0.0505598 -0.0179981
-0.0546298 0.00618088
-0.0545096 0.00641557
-0.0184101 0.0231473
-0.0182262 0.0231569
0.0229494 0.0102762
0.0230784 0.0101513
0.0305339 -0.0214803
0.0304633 -0.0217157
0.00227231 -0.037854
0.00214125 -0.0378474
-0.0246296 -0.0139195
-0.0246847 -0.0137624
-0.0122324 0.0381604
-0.0118367 0.0386906
0.0348639 0.0778017
0.0350314 0.0778591
0.0672837 0.0709357
0.0675429 0.0706298
0.040892 0.0214544
0.0406998 0.0210901
-0.0350643 -0.0323216
-0.035345 -0.0324524
-0.0911465 -0.0512044
-0.0912317 -0.0512247
-0.0523026 -0.0288163
-0.0520222 -0.0284828
0.0908687 0.00611219
0.0915665 0.00632459
0.252148 0.0192491
0.252771 0.0191862
0.345605 0.00619472
0.3458 0.00581504
0.307508 -0.0152857
0.306854 -0.0155555
0.154625 -0.0144443
0.154131 -0.0143956
-0.0024111 0.0128862
-0.00309268 0.013163
-0.0891246 0.0452405
-0.0893418 0.0451976
-0.0666007 0.0457907
-0.0663817 0.0457283
0.0118907 0.0036743
0.0122783 0.00329695
0.0649126 -0.0532167
0.0648913 -0.053574
0.053876 -0.0811262
0.0536272 -0.0811583
0.0084395 -0.0615437
0.00826835 -0.0613962
-0.0246472 -0.0101353
-0.0247058 -0.00961115
-0.0141317 0.0313975
-0.0139537 0.0315447
0.0194395 0.0337161
0.0195637 0.0336395
0.0321546 0.00487128
0.0321183 0.00470447
0.00411548 -0.0207113
0.0036699 -0.0208584
-0.0403905 -0.0175191
-0.0406147 -0.0173939
-0.0583996 0.00723304
-0.0583595 0.00744653
-0.0349967 0.0225331
-0.0347381 0.0226113
0.0101693 0.00927272
0.0104385 0.00908881
0.0351506 -0.024246
0.0351717 -0.0245983
0.0218731 -0.0426277
0.0217042 -0.0426281
-0.00599406 -0.0186182
-0.0060694 -0.0184644
-0.00901796 0.0373514
-0.00895911 0.0375544
0.0239094 0.0840972
0.0240838 0.0842149
0.0600596 0.0838865
0.0602834 0.0837218
0.053549 0.0364292
0.0534208 0.0361243
-0.00505087 -0.0212219
-0.00545844 -0.0214879
-0.0690916 -0.0475681
-0.0694202 -0.0474174
-0.0714349 -0.031841
-0.0712948 -0.0315306
0.014713 -0.000478013
0.0153858 -0.000260123
0.144996 0.0118825
0.146097 0.0116827
0.229223 -0.00458259
0.229379 -0.00468116
0.209747 -0.02631
0.209358 -0.0261838
0.102051 -0.0230592
0.101484 -0.0229858
-0.0171613 0.00918881
-0.0176635 0.0094654
-0.0708713 0.0420701
-0.0709147 0.042126
-0.0428571 0.0396201
-0.042471 0.0395529
0.0195891 -0.00490069
0.019844 -0.00517483
0.0533322 -0.0607747
0.0533478 -0.0609291
0.0379675 -0.0847356
0.0376858 -0.0847948
-0.00169659 -0.0620862
-0.00192277 -0.0617396
-0.0202541 -0.0103637
-0.0202357 -0.0101069
-0.000470068 0.0284698
-0.000314648 0.0285512
0.0316176 0.0292638
0.0317708 0.0291026
0.0365149 0.00378802
0.0363915 0.00349263
0.00427615 -0.0140234
0.00360856 -0.0141204
-0.0405936 -0.00451527
-0.0410305 -0.00421147
-0.056061 0.0212602
-0.0560397 0.0213572
-0.0307781 0.0333893
-0.0306185 0.0333719
0.0105617 0.011855
0.0106722 0.011741
0.028409 -0.0267471
0.0284045 -0.0268785
0.0120658 -0.0450739
0.0118462 -0.0450644
-0.0111513 -0.0214771
-0.0116678 -0.0207509
-0.00927926 0.0340616
-0.00918656 0.0343336
0.0278644 0.0793344
0.028037 0.0794454
0.0665634 0.0758591
0.0665793 0.07569
0.059329 0.0292791
0.0592099 0.0290786
0.000345794 -0.0268407
-1.38013e-05 -0.0270585
-0.0653796 -0.0510327
-0.0656336 -0.0510248
-0.0731745 -0.0357934
-0.0730499 -0.0355578
0.00295193 -0.00832469
0.00341049 -0.00819436
0.121164 -0.00185125
0.121996 -0.00206527
0.200595 -0.0222959
0.200738 -0.0224862
0.185003 -0.042537
0.184791 -0.042566
0.0916504 -0.032584
0.0907734 -0.0324263
-0.0113963 0.00821533
-0.011698 0.00838888
-0.0564849 0.0472637
-0.0564819 0.0473822
-0.0346783 0.0494567
-0.0344444 0.0493648
0.01547 0.00796819
0.0158253 0.00758012
0.0409319 -0.048802
0.0409362 -0.0489719
0.022116 -0.0754854
0.0218532 -0.0754938
-0.01363 -0.0532317
-0.0137163 -0.053102
-0.024661 -0.00469358
-0.0246443 -0.00442948
-0.0012501 0.0283866
-0.000858573 0.0284653
0.029944 0.0242228
0.0300467 0.024116
0.0318149 -0.00284212
0.0317504 -0.00293652
-0.00214433 -0.0181227
-0.0023633 -0.0181309
-0.0424128 -0.00312659
-0.042523 -0.00301813
-0.0516517 0.0257589
-0.0515548 0.0259854
-0.0252577 0.035215
-0.0250323 0.0351969
0.013199 0.00963136
0.0135264 0.00924659
0.0274086 -0.0332656
0.0273968 -0.0334315
0.00999837 -0.0519937
0.0098718 -0.051976
-0.0100447 -0.0208689
-0.0100717 -0.0207012
0.00138511 0.0425927
0.00153131 0.0428974
0.044634 0.0909264
0.0449975 0.0910516
0.0804104 0.086189
0.0805709 0.0859459
0.0649319 0.0327363
0.0647071 0.0323525
-0.00369434 -0.0275539
-0.00411729 -0.0277724
-0.0748444 -0.0530079
-0.0751995 -0.0529288
-0.0842569 -0.0365882
-0.0841435 -0.0364771
-0.0102764 -0.00842374
-0.00960662 -0.00817679
0.102006 -0.00221913
0.102425 -0.00229375
0.172335 -0.0226807
0.172431 -0.0227994
0.155197 -0.0421432
0.154631 -0.0424667
0.0689964 -0.0320906
0.0685317 -0.0319682
-0.0198453 0.00798011
-0.0200947 0.00827206
-0.0530275 0.0449076
-0.0529872 0.0450566
-0.0286486 0.0442282
-0.0284597 0.0441284
0.0131313 0.00450632
0.0132927 0.00427028
0.0323046 -0.0513916
0.0322623 -0.0515722
0.0126869 -0.0783115
0.0124619 -0.0783253
-0.0169881 -0.0572075
-0.0170762 -0.0570273
-0.0206128 -0.0102972
-0.020458 -0.00997652
0.00731662 0.0225605
0.00750859 0.0226116
0.0371531 0.0199034
0.0372865 0.0196999
0.0353575 -0.00319982
0.0352342 -0.00335665
-0.000643868 -0.0128273
-0.000819491 -0.012807
-0.0393917 0.00755577
-0.0395077 0.0077041
-0.0463553 0.0393937
-0.0462561 0.0395253
-0.018564 0.0465598
-0.0183844 0.0465109
0.0127145 0.014491
0.0128876 0.0142045
0.0173452 -0.0341222
0.0173164 -0.0342935
-0.00406496 -0.054413
-0.00441848 -0.0544327
-0.0185861 -0.0225168
-0.0186735 -0.0220824
0.00438282 0.0415568
0.00467686 0.0420444
0.0562547 0.0869798
0.0565104 0.0870265
0.0906731 0.0759581
0.0907822 0.0757218
0.06518 0.0149972
0.064974 0.014704
-0.0146015 -0.0514998
-0.0150436 -0.0517522
-0.0871275 -0.0797629
-0.0874807 -0.0796465
-0.0992099 -0.0651947
-0.0991168 -0.0651008
-0.0247085 -0.0332979
-0.0241859 -0.0331605
0.0885748 -0.019325
0.0890676 -0.0194151
0.162679 -0.0319453
0.162782 -0.0320418
0.149866 -0.0469715
0.149585 -0.0471042
0.0696324 -0.035904
0.0692283 -0.0357592
-0.0125434 0.00371848
-0.0127757 0.00384235
-0.0423325 0.042073
-0.0421708 0.0422655
-0.0173857 0.0451066
-0.0170598 0.0449814
0.0196186 0.00636634
0.0196967 0.00620734
0.0256529 -0.0425355
0.0254904 -0.0428164
-0.00125786 -0.0641674
-0.00163148 -0.0641434
-0.0281262 -0.0439846
-0.0283146 -0.0435887
-0.0233824 -0.00436528
-0.0232346 -0.00410833
0.00758898 0.0192187
0.00771126 0.0192894
0.0362375 0.0142221
0.0363 0.0141243
0.0306357 -0.00600048
0.0305323 -0.00609811
-0.00664294 -0.0116596
-0.00692472 -0.0116163
-0.0415363 0.00943711
-0.0416186 0.00957123
-0.0423048 0.0375599
-0.0420792 0.0378136
-0.0113359 0.0411483
-0.0111231 0.0410515
0.0172627 0.0111019
0.0173195 0.0109692
0.0190495 -0.033802
0.0189989 -0.0339292
-0.00397536 -0.0525535
-0.00419446 -0.0525591
-0.016387 -0.0230215
-0.0164462 -0.0227621
0.0117452 0.0364906
0.0119127 0.0367015
0.0692748 0.0810582
0.0694856 0.0811289
0.107019 0.0776046
0.107068 0.0774915
0.0814874 0.0321901
0.0812811 0.0319232
-0.00109753 -0.0176832
-0.00155797 -0.0178399
-0.0817507 -0.037205
-0.0820262 -0.0371074
-0.0944461 -0.0241609
-0.0942076 -0.0236908
-0.0236941 -0.00576627
-0.0228877 -0.00562522
0.0823664 -0.00871136
0.0836607 -0.00920693
0.146715 -0.0322328
0.146776 -0.0324731
0.130136 -0.0487971
0.129837 -0.0488969
0.0547387 -0.0339247
0.054378 -0.0337981
-0.0174077 0.00753907
-0.0175406 0.00779741
-0.0389331 0.0425614
-0.0388078 0.0427354
-0.0134975 0.0397552
-0.0133713 0.0396809
0.0155572 0.00200755
0.0156335 0.00182424
0.0178476 -0.0459364
0.0177439 -0.04613
-0.00820824 -0.065267
-0.00838741 -0.0652334
-0.0299937 -0.0450491
-0.0300528 -0.0448107
-0.0197376 -0.00778109
-0.0195461 -0.00757667
0.0158504 0.0137705
0.0159962 0.0137863
0.0422431 0.00795723
0.0422826 0.00787
0.0325305 -0.00690115
0.0323236 -0.00706702
-0.00534028 -0.00394146
-0.00560475 -0.00386149
-0.0363193 0.0230852
-0.0364001 0.023292
-0.0335598 0.0509716
-0.0333269 0.0512207
-0.00456717 0.0494636
-0.00444319 0.0493786
0.0167333 0.0118638
0.0167601 0.0116806
0.00749283 -0.03352
0.00710898 -0.0338714
-0.0183776 -0.0482787
-0.0188265 -0.0480822
-0.0220558 -0.0175536
-0.0222546 -0.016876
0.0189811 0.0355239
0.019224 0.035727
0.0826528 0.0687459
0.0830042 0.0687278
0.116065 0.0593112
0.116079 0.0591532
0.0800268 0.020146
0.0796837 0.0199389
-0.00840184 -0.0135414
-0.00888786 -0.0136143
-0.0854424 -0.0186615
-0.0856862 -0.0184725
-0.0900514 -0.00382827
-0.0898967 -0.00367759
-0.0217902 0.00216143
-0.021324 0.00213685
0.0775579 -0.0174787
0.0779885 -0.0177104
0.134293 -0.0519938
0.134349 -0.0521895
0.114664 -0.0683232
0.114486 -0.0682679
0.045704 -0.044507
0.0454793 -0.0443792
-0.0141011 0.00677114
-0.0142127 0.00693449
-0.0265861 0.046763
-0.0264701 0.0468957
-0.00195044 0.0442859
-0.00184533 0.0442012
0.0190911 0.00318968
0.0191489 0.00289001
0.00889131 -0.0410269
0.00880399 -0.0411332
-0.0214058 -0.0535122
-0.0215029 -0.0534889
-0.0375384 -0.0300345
-0.0375344 -0.0299158
-0.0190936 0.00250342
-0.0189879 0.00258458
0.0180192 0.0144518
0.0182386 0.0143859
0.0388306 0.00117147
0.038844 0.000998233
0.0222797 -0.0138322
0.0221477 -0.0138553
-0.0150519 -0.00528459
-0.0152013 -0.00523725
-0.0371616 0.0261225
-0.0371751 0.0262565
-0.0246632 0.0523238
-0.0245611 0.0523715
0.00581601 0.0443907
0.00590483 0.0442975
0.01955 0.0024589
0.0195408 0.00228179
0.00143479 -0.0410736
0.00134128 -0.0411657
-0.0248417 -0.0490166
-0.0248957 -0.0489638
-0.0179966 -0.0127865
-0.0179071 -0.0126297
0.0374799 0.0394652
0.0376946 0.0396037
0.10832 0.067891
0.108533 0.0679031
0.135747 0.0556775
0.135727 0.0554912
0.0870425 0.0213408
0.0867987 0.0212363
-0.0107843 -0.00144
-0.0110712 -0.00146175
-0.0879526 0.00276768
-0.0880883 0.00281334
-0.0876992 0.0178416
-0.087571 0.017888
-0.0130816 0.0144461
-0.0127961 0.014391
0.0767316 -0.0179707
0.0769452 -0.0181058
0.116138 -0.0576137
0.116135 -0.0577329
0.0855268 -0.0690768
0.085225 -0.0690886
0.0212309 -0.0374521
0.0210142 -0.0372702
-0.0218546 0.0153688
-0.0219135 0.0155426
-0.0196444 0.0476616
-0.0195226 0.0477257
0.00629379 0.0349428
0.00657683 0.0346862
0.0171286 -0.0097083
0.017111 -0.00985801
-0.00295687 -0.0483893
-0.00305436 -0.0484582
-0.0323507 -0.0519696
-0.0324172 -0.0519212
-0.0371605 -0.0248953
-0.0371199 -0.0247936
-0.00756617 0.00305648
-0.00743913 0.00311275
0.0309166 0.00752961
0.0310211 0.00749943
0.0427461 -0.0070343
0.0427207 -0.00708528
0.0201717 -0.0143114
0.0200506 -0.0143067
-0.0162977 0.00402218
-0.0163907 0.00411972
-0.0306401 0.0409201
-0.0306263 0.041036
-0.011763 0.0647452
-0.0116714 0.064765
0.0156815 0.0500792
0.0157989 0.0499163
0.0175555 0.00385653
0.0175083 0.00370361
-0.0117218 -0.0385075
-0.011834 -0.0385872
-0.0382307 -0.0437403
-0.0383763 -0.0435371
-0.0215098 -0.0117805
-0.0213465 -0.0115687
0.0453618 0.0301465
0.0457144 0.0302913
0.123745 0.0491721
0.123973 0.0491616
0.148895 0.0353652
0.148845 0.0352836
0.0919277 0.0109734
0.0915 0.0108736
-0.0127932 0.00464349
-0.0131449 0.00466887
-0.0906597 0.0213428
-0.0908042 0.0214808
-0.0872578 0.0367023
-0.087082 0.0366478
-0.0113727 0.0216061
-0.0110884 0.0215032
0.0744526 -0.0258113
0.0746577 -0.0259913
0.107894 -0.073833
0.107859 -0.0739425
0.0755482 -0.0831932
0.0753245 -0.0831326
0.0172327 -0.0430178
0.0170504 -0.0428208
-0.0157334 0.0171342
-0.0157847 0.0173094
-0.00689078 0.0516536
-0.00681115 0.0516882
0.0172143 0.038013
0.017275 0.0378789
0.0192852 -0.00606146
0.0192341 -0.00621396
-0.00932657 -0.0402881
-0.00946409 -0.0403565
-0.0411896 -0.0387396
-0.0412878 -0.0386415
-0.0425342 -0.0109742
-0.0423583 -0.0107023
-0.00896708 0.0111926
-0.00879592 0.011232
0.0292258 0.00694575
0.0293205 0.00689482
0.0369612 -0.0132279
0.0369107 -0.0132982
0.010505 -0.0198513
0.0103301 -0.019827
-0.0228539 0.00366982
-0.0229374 0.00379905
-0.028327 0.0434533
-0.0282845 0.0435771
-0.00190167 0.064138
-0.00172162 0.0641628
0.0252029 0.0432352
0.025257 0.0430984
0.0196479 -0.00606773
0.019525 -0.00631316
-0.0165603 -0.0448219
-0.0167486 -0.044884
-0.0420142 -0.0426908
-0.0420023 -0.0426343
-0.0153203 -0.0060674
-0.0151497 -0.00592391
0.0651957 0.0344958
0.0654804 0.0345881
0.145261 0.0476017
0.145451 0.0475836
0.164939 0.0337583
0.164863 0.0336863
0.0967988 0.0197303
0.0964809 0.0197066
-0.0164249 0.0311267
-0.0167428 0.0312069
-0.0963902 0.0625693
-0.0965261 0.0626639
-0.0913282 0.0797276
-0.0911427 0.0797537
-0.0161273 0.0523174
-0.0158407 0.0521502
0.0643055 -0.0135873
0.0645188 -0.0138851
0.0910318 -0.075039
0.0910056 -0.0751706
0.0572187 -0.0872105
0.0570617 -0.087152
0.00500011 -0.0425968
0.00486962 -0.0424053
-0.0188532 0.0214822
-0.0188593 0.0217206
-0.00557292 0.0541325
-0.00541836 0.0541803
0.0167699 0.0359855
0.0168133 0.0358575
0.0138784 -0.0121874
0.0138154 -0.0123814
-0.0170889 -0.0460705
-0.0172066 -0.046118
-0.0456966 -0.0404328
-0.0457494 -0.0403512
-0.0406347 -0.00908713
-0.0405411 -0.00896178
-0.00294151 0.0125229
-0.00280211 0.012545
0.033422 0.00495081
0.0334975 0.00488923
0.0385168 -0.0182447
0.0384701 -0.0183087
0.0102644 -0.0235961
0.0100902 -0.0235526
-0.0191784 0.00671193
-0.0192288 0.0068467
-0.0184301 0.0541547
-0.0183709 0.0542959
0.0101049 0.0783732
0.0102965 0.0783881
0.0318127 0.0551004
0.0318334 0.0549612
0.0159311 -3.66257e-05
0.0158224 -0.000212864
-0.0279911 -0.0439997
-0.0281529 -0.0440881
-0.0528016 -0.0440571
-0.0527966 -0.0439838
-0.01636 -0.00602349
-0.0160819 -0.00583517
0.0740416 0.0335392
0.0745628 0.033654
0.158141 0.0421643
0.158373 0.0421565
0.170388 0.0217441
0.170161 0.0212755
0.102036 0.00238357
0.101709 0.00235527
-0.0101089 0.00807129
-0.0107582 0.00827176
-0.0839385 0.0359852
-0.0840541 0.0360851
-0.0756878 0.0525332
-0.0753406 0.052697
-0.00739063 0.0296222
-0.00712227 0.0294782
0.0629631 -0.0296714
0.0632082 -0.0299079
0.0812967 -0.0843673
0.0812324 -0.0845196
0.0469324 -0.0918965
0.0467711 -0.0918287
0.00275964 -0.0455195
0.00262334 -0.0452665
-0.0105405 0.0184398
-0.0105066 0.0186176
0.00871821 0.0517219
0.00881215 0.0517464
0.0271776 0.0350637
0.0272004 0.0349396
0.0147325 -0.0077467
0.014638 -0.0078758
-0.0232954 -0.0348989
-0.0234507 -0.0349408
-0.0517465 -0.0255255
-0.0517822 -0.0254479
-0.0419365 0.00356352
-0.0418415 0.00365719
-0.00163006 0.0181297
-0.00148007 0.0181311
0.0320782 0.00241982
0.0321629 0.00223861
0.0295607 -0.0245545
0.0294213 -0.0247016
-0.00151407 -0.0280769
-0.00162165 -0.0280289
-0.0247465 0.0060132
-0.02477 0.00616112
-0.0127959 0.0543961
-0.0127034 0.0545216
0.0204894 0.0755806
0.0206085 0.0755818
0.0407738 0.0506609
0.0407741 0.0505212
0.0173766 -0.00539861
0.0171597 -0.00571567
-0.0329527 -0.0487901
-0.0331 -0.0488686
-0.0561372 -0.0470326
-0.0560937 -0.0469603
-0.00918195 -0.00719268
-0.00882511 -0.00696294
0.0943205 0.0333534
0.0946893 0.0334471
0.187043 0.0424899
0.187231 0.0424378
0.199451 0.0218755
0.199334 0.0217957
0.118581 0.00190174
0.11818 0.00189602
0.000578314 0.00861129
0.000236556 0.00867836
-0.0740311 0.0358612
-0.0741265 0.0361435
-0.0644548 0.0507272
-0.064279 0.050753
0.0019041 0.0258806
0.00216708 0.0257134
0.0591137 -0.0286131
0.0592263 -0.028858
0.0660728 -0.076759
0.0659712 -0.0768826
0.0283915 -0.079579
0.0282562 -0.0795034
-0.00909641 -0.0347741
-0.00917693 -0.0345204
-0.0116351 0.0211829
-0.0115794 0.0213252
0.0132219 0.0453077
0.0133108 0.0453043
0.0283715 0.025939
0.0283571 0.0257944
0.0106818 -0.0117852
0.0105609 -0.0119104
-0.0303218 -0.0334052
-0.030456 -0.033419
-0.0559122 -0.0216406
-0.0560049 -0.0212945
-0.0397679 0.0048164
-0.0396141 0.00488755
0.00464882 0.0140099
0.00482665 0.0139935
0.0371586 -0.00492184
0.0372049 -0.00502603
0.0304896 -0.0299291
0.0304107 -0.0299819
-0.00192736 -0.0273889
-0.00208908 -0.0272977
-0.0201425 0.0128235
-0.020143 0.0129857
0.000124012 0.0641343
0.00023521 0.0642608
0.0394867 0.0847066
0.0395918 0.0846935
0.0520364 0.0556085
0.0520058 0.0554528
0.0147967 0.000324365
0.0145974 0.000135259
-0.0472049 -0.0417937
-0.047414 -0.0418478
-0.0696674 -0.0405364
-0.0695463 -0.0404891
-0.00891382 -0.00633366
-0.00839832 -0.00611316
0.112537 0.0246693
0.112928 0.0247245
0.215816 0.025424
0.216047 0.0253468
0.225773 0.00295353
0.225628 0.00287922
0.141178 -0.011554
0.140423 -0.011718
0.0125486 0.000661849
0.0118937 0.000806159
-0.0726008 0.032107
-0.072754 0.0321832
-0.0710732 0.0473172
-0.0709322 0.0473045
-0.00788295 0.0230301
-0.00761111 0.0228417
0.0520424 -0.0335822
0.0521621 -0.0337754
0.0611797 -0.082511
0.0611203 -0.0826037
0.0259532 -0.0852998
0.025818 -0.0852243
-0.00825565 -0.0401386
-0.00831901 -0.03994
-0.00700654 0.0165942
-0.00694542 0.0167398
0.0204914 0.0426186
0.0205894 0.0426197
0.0353076 0.0259082
0.0353011 0.0258062
0.0120887 -0.00793269
0.0119229 -0.00807508
-0.0329634 -0.0227683
-0.0330917 -0.0227614
-0.0584299 -0.00698289
-0.0584427 -0.00690584
-0.0398141 0.0177359
-0.0396684 0.0178128
0.00475639 0.0205389
0.00494028 0.0204788
0.0322213 -0.00534991
0.032245 -0.00545603
0.02036 -0.0331268
0.0202285 -0.0332066
-0.0117828 -0.0330847
-0.0118913 -0.0330177
-0.0251927 0.00617551
-0.02517 0.0063474
0.00556103 0.0589515
0.0057294 0.0591114
0.053295 0.0813392
0.0534332 0.0812999
0.0647946 0.0539476
0.0646884 0.0538048
0.0125608 -0.00294603
0.0123097 -0.00312856
-0.0615807 -0.0441399
-0.0617983 -0.0442197
-0.0908191 -0.0470329
-0.0907585 -0.0469655
-0.0119684 -0.0158575
-0.0115562 -0.0157436
0.153235 0.0143333
0.153895 0.014399
0.30651 0.0160001
0.306887 0.0158916
0.34593 -0.00532452
0.345823 -0.0053995
0.244152 -0.0190255
0.243655 -0.0190416
0.0704718 -0.00288275
0.0699432 -0.00278872
-0.0629748 0.0322737
-0.0632511 0.0323831
-0.0886444 0.051101
-0.0885532 0.0511119
-0.0257622 0.0273966
-0.0254711 0.0272468
0.0474752 -0.0279788
0.0476361 -0.0281601
0.0664277 -0.0741028
0.0664011 -0.0741821
0.0289463 -0.075147
0.0287881 -0.0750727
-0.0149386 -0.0340056
-0.0150467 -0.0337974
-0.0241401 0.0161743
-0.0240798 0.0163244
0.00401303 0.0379137
0.00424995 0.0379208
0.0312229 0.0200861
0.0312596 0.0199825
0.0214987 -0.0115719
0.0213259 -0.0117165
-0.0206571 -0.0229548
-0.0209004 -0.0229309
-0.0554967 -0.00507283
-0.0555476 -0.00498665
-0.0490836 0.018784
-0.048993 0.0188378
-0.0105645 0.0193806
-0.0103944 0.0193303
0.0282312 -0.00831545
0.0283175 -0.00846058
0.0320458 -0.0384764
0.0319941 -0.0385366
0.00601944 -0.0353611
0.00591529 -0.0352767
-0.0124392 0.00973826
-0.0124436 0.00992424
0.00549564 0.0666849
0.00560423 0.0668371
0.0462675 0.0909284
0.046385 0.0909176
0.0638148 0.062431
0.0638006 0.062171
0.0266997 0.00366401
0.0264997 0.00347177
-0.0433574 -0.040827
-0.0435569 -0.0408939
-0.0814295 -0.0431326
-0.0814324 -0.043072
-0.0349243 -0.014324
-0.0346302 -0.0142065
0.0842475 0.00997673
0.0847701 0.0100212
0.199929 0.00585382
0.200361 0.00563285
0.232601 -0.0180444
0.232518 -0.0181248
0.158551 -0.0286947
0.157914 -0.0286913
0.0335474 -0.00804337
0.0330887 -0.00791083
-0.054757 0.0280117
-0.0549218 0.0281316
-0.0658894 0.0466763
-0.0657712 0.0467075
-0.0131383 0.0226322
-0.0129114 0.0224711
0.0419486 -0.0328645
0.0420523 -0.0330481
0.0505281 -0.078244
0.0504606 -0.0783287
0.0165953 -0.078311
0.0164655 -0.078226
-0.0164883 -0.0352637
-0.0165545 -0.0350729
-0.0149096 0.012013
-0.0148448 0.0121362
0.0158936 0.0336807
0.0160124 0.0336802
0.0391073 0.0184015
0.039146 0.01826
0.0242688 -0.00773745
0.0241259 -0.00781712
-0.0198036 -0.0128158
-0.0199505 -0.0127823
-0.0536716 0.00871639
-0.0537228 0.00883579
-0.046927 0.0314303
-0.0468421 0.0314696
-0.00821682 0.0260706
-0.00808379 0.0259987
0.023894 -0.00730601
0.0239544 -0.00744385
0.0240018 -0.0402723
0.0238596 -0.0404355
-0.00112781 -0.038346
-0.00122819 -0.038258
-0.015144 0.00646889
-0.0151374 0.00665488
0.00763644 0.0626046
0.00776407 0.0627527
0.0511936 0.0850413
0.051406 0.0850067
0.0696179 0.055354
0.0695878 0.0551767
0.0325284 -0.00268902
0.0323294 -0.00286893
-0.0339671 -0.0436077
-0.0342263 -0.04371
-0.0793348 -0.0475471
-0.0793725 -0.0474951
-0.0466732 -0.0218647
-0.046428 -0.021761
0.0581259 -0.00148024
0.0585785 -0.00145269
0.16796 -0.00930003
0.168222 -0.00937759
0.206016 -0.033948
0.205977 -0.0340267
0.14788 -0.0425837
0.147592 -0.0425614
0.0395629 -0.0159588
0.0392536 -0.0158319
-0.0420768 0.0294235
-0.0422269 0.0296197
-0.0518888 0.0539838
-0.0518134 0.0539893
-0.00769211 0.0317458
-0.00753018 0.0316085
0.0347454 -0.0235394
0.0348118 -0.0237132
0.03542 -0.0688774
0.035323 -0.0689824
0.00226607 -0.0692977
0.0021513 -0.0692171
-0.0242079 -0.0282966
-0.0242376 -0.0281361
-0.0152727 0.0170573
-0.015162 0.0171822
0.0173729 0.0307017
0.0174932 0.0306702
0.0360124 0.0103911
0.0360201 0.0102499
0.0167821 -0.0144382
0.0166659 -0.0144837
-0.0244409 -0.0141068
-0.0245676 -0.014058
-0.0523302 0.0119199
-0.0523561 0.0120188
-0.0405667 0.0347006
-0.0403859 0.0347892
-0.00220721 0.0247933
-0.00205238 0.0246853
0.0256528 -0.0152566
0.0256899 -0.0154033
0.020118 -0.0494015
0.0200624 -0.0494532
-0.0036443 -0.0403832
-0.00370569 -0.0402744
-0.00847133 0.013989
-0.00842773 0.014195
0.0241602 0.07523
0.0243706 0.0754417
0.0693442 0.0955077
0.0694693 0.0954703
0.0794072 0.0594973
0.0793547 0.0593207
0.0300665 -0.00395993
0.0298304 -0.00415627
-0.0484557 -0.047679
-0.0486711 -0.047737
-0.0907116 -0.0474057
-0.0907446 -0.047286
-0.0511619 -0.0194799
-0.0509088 -0.019389
0.0529098 -0.00094435
0.0532559 -0.000933105
0.147733 -0.0107544
0.147974 -0.0108369
0.174863 -0.035134
0.174784 -0.0351903
0.116508 -0.0418471
0.116207 -0.0418086
0.0191195 -0.0136897
0.0187964 -0.0135093
-0.0454543 0.0297614
-0.0455761 0.0301336
-0.0447592 0.0499692
-0.0446643 0.0499685
-0.00238142 0.0235996
-0.00221674 0.0234417
0.0301242 -0.0320958
0.0301665 -0.0322697
0.0232836 -0.0738667
0.0232036 -0.073931
-0.00558857 -0.0716822
-0.00569623 -0.0716009
-0.0235217 -0.0311544
-0.0235399 -0.0309137
-0.00721425 0.012325
-0.00711506 0.0124228
